2.52124
2.56381
2.5034
2.52803
2.50796
2.52856
2.49209
2.46533
2.4365
2.46723
2.4186
2.40998
2.44215
2.36177
2.40919
2.34556
2.39459
2.37225
2.34351
2.32398
2.31335
2.28909
2.32644
2.29887
2.31442
2.28293
2.30431
2.27502
2.2523
2.26273
2.26452
2.2439
2.24395
2.2537
2.24526
2.22987
2.212
2.2055
2.24365
2.1651
2.17375
2.20418
2.17821
2.16769
2.20149
2.17732
2.17366
2.16174
2.17643
2.15334
2.1533
2.15099
2.11711
2.14716
2.14093
2.15718
2.1322
2.13093
2.13075
2.1126
2.13029
2.11486
2.11572
2.13467
2.08834
2.10331
2.10798
2.11003
2.101
2.10036
2.09852
2.07168
2.09716
2.08509
2.07756
2.07059
2.07843
2.07594
2.08351
2.0718
2.06974
2.06775
2.06663
2.07743
2.07974
2.0522
2.06462
2.0553
2.05305
2.0639
2.06661
2.05344
2.04697
2.06699
2.04239
2.05037
2.03882
2.04238
2.05673
2.06067
2.04037
2.05748
2.05863
2.03545
2.03645
2.03616
2.04312
2.04826
2.03647
2.03125
2.04387
2.02026
2.04122
2.02862
2.04464
2.02611
2.03535
2.029
2.02088
2.03089
2.0274
2.02569
2.02036
2.02279
2.02533
2.02221
2.02152
2.02326
2.02632
2.02279
2.01923
2.02963
2.01648
2.02275
2.01189
2.02035
2.01726
2.02059
2.00684
2.01412
2.00832
2.02497
2.00496
2.00931
2.02176
2.01185
2.01005
2.01929
2.0163
2.02417
2.00963
2.00847
2.01888
2.01055
2.01328
2.01167
2.00484
2.01133
2.00981
2.00838
2.00932
2.01672
2.00994
2.01072
2.00963
2.01071
2.00626
2.00122
2.01474
2.00431
2.00807
2.0069
2.00772
2.01097
2.0052
2.00997
2.01426
2.00461
2.01152
2.0089
2.00473
2.00975
2.00809
2.00771
2.00959
2.00603
2.00337
2.0043
2.00413
2.00622
2.00749
2.00099
2.01241
2.00658
2.00227
2.00783
2.00934
2.00719
2.00121
2.00685
